-263
0
17
-274
11
-263
7
0
-270
3
3
-259
12
2
-272
8
3
-259
-260
4
10
-281
1
11
2
0
3
-259
3
-257
32
-289
3
-261
11
-260
-273
18
-261
20
-280
1
7
9
-272
0
20
-274
13
-276
11
-257
6
-257
-271
12
-265
11
-267
11
-259
1
-264
-261
14
-274
20
-270
16
0
7
-268
-262
-257
3
2
-272
27
8
-281
7
-257
6
-260
-270
15
3
-260
0
0
-258
13
0
-271
11
-261
0
-263
1
11
-261
24
-290
2
4
10
-266
0
4
-261
13
-275
5
2
22
-284
5
25
-294
25
-276
14
-257
0
-260
-266
12
-269
12
0
6
-261
-261
8
-259
-264
14
8
-265
0
-261
4
-262
-259
6
-265
5
0
5
9
-276
10
9
11
-277
-259
-260
0
6
6
-276
7
22
-272
-262
5
-257
9
-260
-257
-258
5
9
-270
1
-261
2
2
9
-259
4
7
-271
5
5
6
-283
18
0
-258
-263
-260
8
3
10
-263
-258
0
4
0
-269
22
-270
11
-270
7
-257
-267
1
0
17
-276
16
-263
4
-265
0
9
-268
12
-262
4
-266
2
23
-274
-257
-259
7
0
-262
-263
11
8
3
-272
-259
10
-271
18
0
-269
14
-258
-264
3
2
8
-267
3
-258
4
0
-271
1
7
8
-272
10
-257
4
0
-263
13
-270
18
-276
7
-265
1
6
-265
23
-273
9
-263
-261
11
-259
0
-265
22
-273
9
-274
8
9
0
2
-272
29
-274
8
-272
-259
23
-261
0
-266
1
-263
30
-288
12
10
-262
-261
-261
4
-262
11
1
-262
6
-261
7
-269
12
-257
-266
9
6
-263
-279
17
0
15
-275
3
32
-287
26
-282
15
-262
14
-277
-260
13
-265
12
-265
18
-277
-260
11
-270
10
0
0
-268
22
-261
8
-276
-257
5
7
0
-263
1
-268
14
-265
2
10
-262
7
-261
-261
0
0
7
0
4
2
-269
-267
6
-259
-262
15
-258
-261
18
-270
-258
5
2
-263
6
5
-262
8
-270
6
-263
16
-276
7
5
-259
3
-265
15
-270
13
7
-282
16
-265
4
-264
8
3
1
-262
-265
7
11
-274
0
13
-259
2
-261
-257
-260
11
-261
0
1
1
0
-263
-257
7
15
-261
-265
0
-257
-268
9
3
0
6
-266
3
0
12
-278
16
3
-275
18
-279
13
4
0
-263
-258
26
-276
4
-270
16
-266
12
-274
1
9
-266
12
-264
5
0
12
-265
-269
9
2
-260
0
7
0
-260
0
-260
5
-257
-257
-262
12
-259
-261
-262
5
5
0
0
0
0
0
0
0
0
0
0
0
0
0
0
0
0
0
0
0
0
0
0
0
0
0
0
0
0
0
0
0
0
0
0
0
0
0
0
0
0
0
0
0
0
0
0
0
0
0
0
0
0
0
0
0
0
0
0
0
0
0
0
0
0
0
0
0
0
0
0
0
0
0
0
0
0
0
0
0
0
0
0
0
0
0
0
0
0
0
0
0
0
0
0
0
0
0
0
0
0
0
0
0
0
0
0
0
0
0
0
0
0
0
0
0
0
0
0
0
0
0
0
0
0
0
0
0
0
0
0
0
0
0
0
0
0
0
0
0
0
0
0
0
0
0
0
0
0
0
0
0
0
0
0
0
0
0
0
0
0
0
0
0
0
0
0
0
0
0
0
0
0
0
0
0
0
0
0
0
0
0
0
0
0
0
0
0
0
0
0
0
0
0
0
0
0
0
0
0
0
0
0
0
0
0
0
0
0
0
0
0
0
0
0
0
0
0
0
0
0
0
0
0
0
0
0
0
0
0
0
0
0
0
0
0
0
0
0
0
0
0
0
0
0
0
0
0
0
0
0
0
0
0
0
0
0
0
0
0
0
0
0
0
0
0
0
0
0
0
0
0
0
0
0
0
0
0
0
0
0
0
0
0
0
0
0
0
0
0
0
0
0
0
0
0
0
0
0
0
0
0
0
0
0
0
0
0
0
0
0
0
0
0
0
0
0
0
0
0
0
0
0
0
0
0
0
0
0
0
0
0
0
0
0
0
0
0
0
0
0
0
0
0
0
0
0
0
0
0
0
0
0
0
0
0
0
0
0
0
0
0
0
0
0
0
0
0
0
0
0
0
0
0
0
0
0
0
0
0
0
0
0
0
0
0
0
0
0
0
0
0
0
0
0
0
0
0
0
0
0
0
0
0
0
0
0
0
0
0
0
0
0
0
0
0
0
0
0
0
0
0
0
0
0
0
0
0
0
0
0
0
0
0
0
0
0
0
0
0
0
0
0
0
0
0
0
0
0
0
0
0
0
0
0
0
0
0
0
0
0
0
0
0
0
0
0
0
0
0
0
0
0
0
0
0
0
0
0
0
0
0
0
0
0
0
0
0
0
0
0
0
0
0
0
0
0
0
0
0
0
