559
572
521
526
382
-51
269
152
593
327
260
151
562
560
637
461
625
188
-68
-89
247
541
570
140
316
-21
-34
-72
-84
-80
524
163
213
610
396
580
585
619
428
614
324
-24
-69
-100
-88
359
340
276
-29
-43
525
382
-68
253
253
275
-46
-53
-63
-96
-8
147
305
-38
-78
-13
552
351
346
222
582
-23
-62
168
380
-82
381
629
607
579
229
236
553
550
445
605
568
361
-65
-49
-78
189
211
355
262
-22
-86
-66
247
235
217
568
241
289
260
-73
-96
233
381
316
-37
266
-51
-64
527
639
598
576
546
558
254
514
410
206
286
272
-67
-88
-83
-58
173
336
347
513
250
525
237
513
390
527
-11
-30
-78
311
165
-18
134
558
513
527
250
533
514
543
157
323
582
552
528
544
529
419
392
578
225
-12
-40
-94
285
198
351
266
-44
-22
-21
-69
157
137
334
-22
-59
-70
-27
-65
184
368
264
-22
-65
-97
-104
-45
181
339
282
-40
-34
-17
-47
310
204
371
-15
-20
-62
-43
-75
153
128
282
-26
-45
-65
-61
-82
140
313
-39
-33
-47
-104
-74
306
211
368
295
-24
-35
-62
-92
177
167
334
262
-45
-9
-58
-94
238
351
-16
-24
-56
-81
-110
-40
251
363
-17
-61
-88
-58
-108
316
373
271
-22
-35
-83
-94
-75
355
355
265
-41
-45
-96
-89
-33
144
319
263
-60
-65
-75
-63
303
379
302
257
268
-92
-119
-67
366
342
291
266
279
-1
-40
-51
599
548
134
258
-73
-38
-26
356
568
605
222
313
-52
-57
-114
150
171
129
-35
-86
-104
-86
378
607
217
289
-52
-77
-103
383
598
253
256
-68
-88
-112
-117
380
441
201
324
-25
-65
-91
-97
377
560
189
-6
-49
-85
-69
-64
132
312
283
-22
-63
-64
-71
176
569
149
307
271
303
-39
-38
166
531
404
163
-22
278
262
-51
196
192
356
259
-17
-71
-57
289
242
432
564
139
303
295
269
178
132
238
630
214
325
-13
-34
150
362
347
303
-24
-41
-14
270
374
310
285
273
315
-12
-43
344
344
292
305
266
315
271
280
374
129
300
-2
-21
-28
-9
263
203
378
348
275
-14
-15
-9
374
204
161
351
272
-2
-33
-11
376
194
358
301
297
-15
-37
-3
546
158
329
310
-27
-21
-54
309
131
369
270
-5
-17
-54
-36
352
154
356
321
276
302
308
279
190
377
346
310
333
131
308
334
230
132
346
321
296
340
326
146
213
161
326
313
306
302
290
209
255
199
157
376
329
340
307
0
0
0
0
0
0
0
0
0
0
0
0
0
0
0
0
0
0
0
0
0
0
0
0
0
0
0
0
0
0
0
0
0
0
0
0
0
0
0
0
0
0
0
0
0
0
0
0
0
0
0
0
0
0
0
0
0
0
0
0
0
0
0
0
0
0
0
0
0
0
0
0
0
0
0
0
0
0
0
0
0
0
0
0
0
0
0
0
0
0
0
0
0
0
0
0
0
0
0
0
0
0
0
0
0
0
0
0
0
0
0
0
0
0
0
0
0
0
0
0
0
0
0
0
0
0
0
0
0
0
0
0
0
0
0
0
0
0
0
0
0
0
0
0
0
0
0
0
0
0
0
0
0
0
0
0
0
0
0
0
0
0
0
0
0
0
0
0
0
0
0
0
0
0
0
0
0
0
0
0
0
0
0
0
0
0
0
0
0
0
0
0
0
0
0
0
0
0
0
0
0
0
0
0
0
0
0
0
0
0
0
0
0
0
0
0
0
0
0
0
0
0
0
0
0
0
0
0
0
0
0
0
0
0
0
0
0
0
0
0
0
0
0
0
0
0
0
0
0
0
0
0
0
0
0
0
0
0
0
0
0
0
0
0
0
0
0
0
0
0
0
0
0
0
0
0
0
0
0
0
0
0
0
0
0
0
0
0
0
0
0
0
0
0
0
0
0
0
0
0
0
0
0
0
0
0
0
0
0
0
0
0
0
0
0
0
0
0
0
0
0
0
0
0
0
0
0
0
0
0
0
0
0
0
0
0
0
0
0
0
0
0
0
0
0
0
0
0
0
0
0
0
0
0
0
0
0
0
0
0
0
0
0
0
0
0
0
0
0
0
0
0
0
0
0
0
0
0
0
0
0
0
0
0
0
0
0
0
0
0
0
0
0
0
0
0
0
0
0
0
0
0
0
0
0
0
0
0
0
0
0
0
0
0
0
0
0
0
0
0
0
0
0
0
0
0
0
0
0
0
0
0
0
0
0
0
0
0
0
0
0
0
0
0
0
0
0
0
0
0
0
0
0
0
0
0
0
0
0
0
0
0
0
0
0
0
0
0
0
0
0
0
0
0
0
0
0
0
0
0
0
0
0
0
0
0
0
0
0
0
0
0
0
0
0
0
0
0
0
0
