-277
41
-265
-274
13
-271
12
-259
0
-258
-293
28
2
2
4
7
-277
-277
21
6
0
0
1
1
11
-272
-271
16
7
3
-278
-261
15
15
-290
18
13
-274
0
5
6
-276
36
-274
-268
19
-277
15
-267
9
2
-265
8
3
-268
-267
17
-273
25
20
-312
16
26
4
-275
1
-263
11
-259
0
4
7
-262
-267
7
-258
0
-259
8
-257
7
-265
8
-273
23
2
-291
17
-257
3
9
-272
8
-264
11
-258
6
-264
-263
-258
14
6
-261
1
-267
10
1
-265
8
0
-262
9
-267
11
0
-261
-257
20
-278
-273
13
0
8
-265
0
3
-267
7
38
-284
3
-258
0
-259
0
5
-257
-257
6
1
13
-282
17
1
-290
25
16
-275
14
-280
12
2
-268
18
10
4
2
-267
-265
-264
18
1
-272
3
2
2
-258
16
10
-296
-259
14
5
3
-269
12
-259
4
-259
11
-293
19
12
-269
-264
6
20
-267
-264
30
-282
7
-257
-259
13
5
-269
0
-266
0
0
-257
28
-275
-262
3
-260
22
-259
-268
1
7
-266
-266
19
-264
0
1
2
-261
3
-257
3
2
-260
2
-261
6
-258
-259
4
0
-261
2
0
-259
11
16
-267
0
-281
3
-265
18
3
-264
4
2
1
21
-286
27
-297
8
20
-273
20
-304
27
8
4
-266
7
0
4
-281
10
-266
6
7
4
0
-261
0
-264
-260
6
18
9
-279
-261
8
18
9
-297
11
1
7
-265
1
1
0
-263
-270
23
13
-257
-268
2
-263
16
-264
-257
0
-262
12
-258
-271
12
-273
12
3
27
-284
2
-258
-263
9
-266
-274
34
-274
17
-268
-265
3
-262
15
1
-280
41
-296
3
14
5
18
-300
22
-276
7
-277
-257
36
-258
-263
6
-259
-269
14
-295
10
30
-260
-260
5
3
3
-257
-259
2
12
-262
-259
15
-299
25
10
-268
22
16
-293
9
-263
-259
4
1
22
-263
-273
-260
-258
12
-266
23
-284
12
0
-258
22
-286
8
14
-269
-258
11
-293
10
15
6
-258
0
-266
40
-313
26
12
-282
13
1
7
2
-267
3
-257
0
2
-271
28
-295
-259
37
-264
14
-297
13
32
-278
6
-261
15
2
-276
30
-263
-282
-257
0
-272
40
10
-289
21
-272
2
-257
-276
28
-269
17
-273
6
22
-259
-267
-263
-259
4
0
-273
36
-282
-258
6
-279
29
2
0
-257
-258
0
-260
7
-267
4
3
6
2
4
-263
-258
7
-262
-266
-261
19
-258
-259
5
-262
15
-260
-266
-259
-261
16
-272
0
11
3
-300
0
0
0
0
0
0
0
0
0
0
0
0
0
0
0
0
0
0
0
0
0
0
0
0
0
0
0
0
0
0
0
0
0
0
0
0
0
0
0
0
0
0
0
0
0
0
0
0
0
0
0
0
0
0
0
0
0
0
0
0
0
0
0
0
0
0
0
0
0
0
0
0
0
0
0
0
0
0
0
0
0
0
0
0
0
0
0
0
0
0
0
0
0
0
0
0
0
0
0
0
0
0
0
0
0
0
0
0
0
0
0
0
0
0
0
0
0
0
0
0
0
0
0
0
0
0
0
0
0
0
0
0
0
0
0
0
0
0
0
0
0
0
0
0
0
0
0
0
0
0
0
0
0
0
0
0
0
0
0
0
0
0
0
0
0
0
0
0
0
0
0
0
0
0
0
0
0
0
0
0
0
0
0
0
0
0
0
0
0
0
0
0
0
0
0
0
0
0
0
0
0
0
0
0
0
0
0
0
0
0
0
0
0
0
0
0
0
0
0
0
0
0
0
0
0
0
0
0
0
0
0
0
0
0
0
0
0
0
0
0
0
0
0
0
0
0
0
0
0
0
0
0
0
0
0
0
0
0
0
0
0
0
0
0
0
0
0
0
0
0
0
0
0
0
0
0
0
0
0
0
0
0
0
0
0
0
0
0
0
0
0
0
0
0
0
0
0
0
0
0
0
0
0
0
0
0
0
0
0
0
0
0
0
0
0
0
0
0
0
0
0
0
0
0
0
0
0
0
0
0
0
0
0
0
0
0
0
0
0
0
0
0
0
0
0
0
0
0
0
0
0
0
0
0
0
0
0
0
0
0
0
0
0
0
0
0
0
0
0
0
0
0
0
0
0
0
0
0
0
0
0
0
0
0
0
0
0
0
0
0
0
0
0
0
0
0
0
0
0
0
0
0
0
0
0
0
0
0
0
0
0
0
0
0
0
0
0
0
0
0
0
0
0
0
0
0
0
0
0
0
0
0
0
0
0
0
0
0
0
0
0
0
0
0
0
0
0
0
0
0
0
0
0
0
0
0
0
0
0
0
0
0
0
0
0
0
0
0
0
0
0
0
0
0
0
0
0
0
0
0
0
0
0
0
0
0
0
0
0
0
0
0
0
0
0
0
0
0
0
