377
847
1047
892
450
699
814
1074
1098
655
838
495
149
278
818
1388
932
665
551
376
309
-20
-70
-113
1046
1066
883
501
359
1153
1188
1167
1124
603
761
1124
1328
1173
630
374
381
341
552
1894
2068
2049
2056
634
639
174
351
322
281
-11
-59
567
1130
1028
879
1303
774
872
725
1625
880
353
283
301
-7
-54
1073
974
1150
1025
669
165
321
302
-61
291
290
1281
901
1290
1339
1149
724
1186
1063
959
1654
1894
2028
1924
560
568
525
170
1350
1702
1781
1838
1298
773
528
198
214
360
364
355
352
1100
1059
878
671
676
818
1184
1331
1150
478
226
163
312
-11
430
676
501
797
479
191
345
301
-33
-77
-103
-82
-93
694
1308
1135
719
699
478
407
176
235
646
1076
1323
384
-51
322
907
1915
1521
1416
1191
285
196
840
472
427
164
-18
-82
1103
994
991
1378
1600
232
447
482
598
569
180
-67
-85
410
1042
769
705
1046
811
427
829
674
401
841
695
643
188
265
1166
1088
794
589
243
296
1109
930
1076
755
169
130
270
521
1421
1170
984
1241
1640
680
442
229
544
141
142
166
294
-32
-34
-22
-15
-31
-65
-87
-98
-106
-106
-121
113
125
123
241
589
2614
2579
1929
1564
998
827
521
367
212
-37
314
-43
1288
1619
977
1597
2091
1376
2045
1682
1473
1451
792
634
421
207
369
1381
1155
923
758
685
572
346
261
-30
789
1163
743
808
1032
1543
905
1000
938
654
913
1166
1195
384
364
295
-2
-40
219
1584
1420
1280
1116
625
504
571
557
377
204
320
334
306
1650
1402
400
1847
1216
676
1366
1492
1887
396
182
174
187
242
772
1854
1615
1342
1030
549
388
768
390
374
225
1553
1187
994
825
1577
1554
1152
701
1250
1918
2327
2507
1167
557
220
319
137
1529
1980
2605
2865
1155
737
427
181
192
288
131
293
281
185
1929
1875
1321
1008
1323
393
1829
2075
2627
1705
558
770
575
194
1408
1011
1287
926
947
410
539
442
1027
764
584
262
339
1947
2237
1415
1091
730
799
602
1101
2150
2068
1699
807
140
142
665
1848
1199
1504
2112
2040
417
436
1241
1108
729
412
382
143
1600
2920
2438
2213
1693
874
1888
1620
1193
1919
1187
149
335
361
1634
1501
1729
1800
944
939
505
1043
1091
1146
917
1083
874
625
748
990
1119
1149
722
854
243
1760
1271
1091
566
162
304
272
955
1445
2132
1844
1322
1350
1334
730
578
179
358
369
355
293
198
228
634
621
557
240
203
144
142
329
141
269
-4
-61
-100
1043
712
1094
703
877
1092
1084
1059
908
1088
927
1128
1106
0
0
0
0
0
0
0
0
0
0
0
0
0
0
0
0
0
0
0
0
0
0
0
0
0
0
0
0
0
0
0
0
0
0
0
0
0
0
0
0
0
0
0
0
0
0
0
0
0
0
0
0
0
0
0
0
0
0
0
0
0
0
0
0
0
0
0
0
0
0
0
0
0
0
0
0
0
0
0
0
0
0
0
0
0
0
0
0
0
0
0
0
0
0
0
0
0
0
0
0
0
0
0
0
0
0
0
0
0
0
0
0
0
0
0
0
0
0
0
0
0
0
0
0
0
0
0
0
0
0
0
0
0
0
0
0
0
0
0
0
0
0
0
0
0
0
0
0
0
0
0
0
0
0
0
0
0
0
0
0
0
0
0
0
0
0
0
0
0
0
0
0
0
0
0
0
0
0
0
0
0
0
0
0
0
0
0
0
0
0
0
0
0
0
0
0
0
0
0
0
0
0
0
0
0
0
0
0
0
0
0
0
0
0
0
0
0
0
0
0
0
0
0
0
0
0
0
0
0
0
0
0
0
0
0
0
0
0
0
0
0
0
0
0
0
0
0
0
0
0
0
0
0
0
0
0
0
0
0
0
0
0
0
0
0
0
0
0
0
0
0
0
0
0
0
0
0
0
0
0
0
0
0
0
0
0
0
0
0
0
0
0
0
0
0
0
0
0
0
0
0
0
0
0
0
0
0
0
0
0
0
0
0
0
0
0
0
0
0
0
0
0
0
0
0
0
0
0
0
0
0
0
0
0
0
0
0
0
0
0
0
0
0
0
0
0
0
0
0
0
0
0
0
0
0
0
0
0
0
0
0
0
0
0
0
0
0
0
0
0
0
0
0
0
0
0
0
0
0
0
0
0
0
0
0
0
0
0
0
0
0
0
0
0
0
0
0
0
0
0
0
0
0
0
0
0
0
0
0
0
0
0
0
0
0
0
0
0
0
0
0
0
0
0
0
0
0
0
0
0
0
0
0
0
0
0
0
0
0
0
0
0
0
0
0
0
0
0
0
0
0
0
0
0
0
0
0
0
0
0
0
0
0
0
0
0
0
0
0
0
0
0
0
0
0
0
0
0
0
0
0
0
0
0
0
0
0
0
0
0
0
0
0
0
0
0
0
0
0
