-261
7
-268
72
-157
62
60
-273
6
-266
-289
71
13
42
-355
-281
30
4
-267
3
-277
-281
54
14
-264
-343
-109
-284
-345
47
30
-308
-261
40
0
3
-277
16
-266
-257
90
-195
-257
74
96
-332
25
-269
-268
15
-261
76
-271
-328
10
-115
-378
79
10
-371
94
-303
90
-380
16
24
41
-269
-273
-258
71
51
-367
-338
125
-345
57
-262
-258
-280
-287
40
16
1
-357
85
-315
52
86
-354
24
-300
40
17
-261
-267
1
-259
26
-277
-315
23
81
-364
99
-303
19
-276
8
-303
74
-280
6
-314
78
86
-303
-154
-109
-344
-127
-336
-258
2
-291
53
-262
-262
-130
-83
-304
-352
-81
-378
74
-283
32
-289
8
-271
-271
25
69
-297
-320
34
-94
-367
42
-298
4
-268
18
4
2
-266
10
-315
10
95
27
-182
-128
-308
57
-289
1
-263
-322
40
41
14
-331
-85
-300
-159
-116
-349
78
49
-383
53
-261
-295
20
20
116
-165
-321
-265
-67
-131
88
-311
-287
73
-259
-270
1
-271
-260
69
-312
-262
110
-176
120
-304
35
-300
2
0
0
9
3
3
38
44
7
-143
56
-308
55
-277
9
-260
-307
69
-329
-283
-313
80
-279
-324
-124
-297
37
-348
49
-260
-276
9
-264
-275
2
-118
-236
25
-108
-327
10
-270
38
-305
-272
52
10
-259
-270
-351
-63
-292
35
-351
-297
7
55
-273
6
-269
-266
7
2
-260
-286
20
40
-323
44
12
-286
-258
11
4
2
63
-129
26
34
51
-133
-285
-127
15
-304
17
-325
75
14
0
3
-281
-265
-299
-122
-339
95
-285
-352
63
-276
10
-273
-280
32
34
-272
-267
13
64
32
-370
-272
65
-359
60
20
-266
-264
-258
-259
3
-260
9
-297
-326
66
123
-366
44
-294
19
0
-257
8
-298
1
61
33
-144
108
65
-140
91
-308
7
1
-318
89
1
-261
-270
-259
3
110
-327
-382
-119
-340
72
-313
37
-292
-279
45
9
-258
-344
115
-291
-331
-106
-366
50
-316
49
3
2
-269
2
1
-313
127
-177
40
122
-372
108
-319
21
-277
9
81
-156
99
-271
-330
70
91
-261
-163
-123
-337
88
-362
67
-272
-273
-266
30
29
-353
-96
-328
-368
-122
-347
84
-280
6
-268
15
-317
13
16
-125
-186
-283
28
-113
-350
40
-293
-270
-295
62
27
-273
-264
-259
95
-172
78
92
-166
99
-297
45
-275
-263
1
77
-373
47
0
-307
-86
-309
-141
103
-310
41
-278
-309
99
-310
-268
14
8
51
-358
-282
-284
-101
-331
44
-299
-264
56
-268
5
-283
-262
0
-117
-217
31
-111
-340
47
0
0
0
0
0
0
0
0
0
0
0
0
0
0
0
0
0
0
0
0
0
0
0
0
0
0
0
0
0
0
0
0
0
0
0
0
0
0
0
0
0
0
0
0
0
0
0
0
0
0
0
0
0
0
0
0
0
0
0
0
0
0
0
0
0
0
0
0
0
0
0
0
0
0
0
0
0
0
0
0
0
0
0
0
0
0
0
0
0
0
0
0
0
0
0
0
0
0
0
0
0
0
0
0
0
0
0
0
0
0
0
0
0
0
0
0
0
0
0
0
0
0
0
0
0
0
0
0
0
0
0
0
0
0
0
0
0
0
0
0
0
0
0
0
0
0
0
0
0
0
0
0
0
0
0
0
0
0
0
0
0
0
0
0
0
0
0
0
0
0
0
0
0
0
0
0
0
0
0
0
0
0
0
0
0
0
0
0
0
0
0
0
0
0
0
0
0
0
0
0
0
0
0
0
0
0
0
0
0
0
0
0
0
0
0
0
0
0
0
0
0
0
0
0
0
0
0
0
0
0
0
0
0
0
0
0
0
0
0
0
0
0
0
0
0
0
0
0
0
0
0
0
0
0
0
0
0
0
0
0
0
0
0
0
0
0
0
0
0
0
0
0
0
0
0
0
0
0
0
0
0
0
0
0
0
0
0
0
0
0
0
0
0
0
0
0
0
0
0
0
0
0
0
0
0
0
0
0
0
0
0
0
0
0
0
0
0
0
0
0
0
0
0
0
0
0
0
0
0
0
0
0
0
0
0
0
0
0
0
0
0
0
0
0
0
0
0
0
0
0
0
0
0
0
0
0
0
0
0
0
0
0
0
0
0
0
0
0
0
0
0
0
0
0
0
0
0
0
0
0
0
0
0
0
0
0
0
0
0
0
0
0
0
0
0
0
0
0
0
0
0
0
0
0
0
0
0
0
0
0
0
0
0
0
0
0
0
0
0
0
0
0
0
0
0
0
0
0
0
0
0
0
0
0
0
0
0
0
0
0
0
0
0
0
0
0
0
0
0
0
0
0
0
0
0
0
0
0
0
0
0
0
0
0
0
0
0
0
0
0
0
0
0
0
0
0
0
0
0
0
0
0
0
0
0
0
0
0
0
0
0
0
0
0
0
0
0
0
0
