145
336
273
3342
3470
1893
1029
557
224
298
361
983
364
143
345
263
-29
-83
797
526
182
351
142
281
-110
3139
2806
1238
818
861
603
284
263
128
285
-47
-107
-41
-77
-78
2012
1278
803
354
-12
-75
-89
-26
-3
-45
-45
3847
2842
1223
657
946
548
143
365
-1
-9
-54
4196
2823
1245
567
573
379
-14
1331
251
139
354
297
270
-45
522
417
233
-1
344
143
-13
-125
3636
2102
1106
842
435
560
264
267
359
-23
-86
-14
-8
-103
899
1481
1374
598
261
-37
-122
-109
-118
-65
-105
2118
3868
1994
758
982
599
154
334
261
-4
-34
2019
3738
2150
997
578
222
346
-41
934
134
149
310
-14
-40
-70
412
546
273
-48
151
341
-54
2522
2711
1588
856
447
575
340
-85
314
263
-111
-127
-99
-85
-111
1930
1648
814
217
-24
-42
-81
-76
124
-127
-103
3481
3135
1547
288
1540
217
382
293
258
-50
-66
3463
3119
1619
468
621
128
-15
1074
387
340
365
287
256
-57
-102
441
165
307
-1
319
-52
110
2757
2373
1307
508
498
595
267
-67
-25
-35
-74
-50
-55
-124
308
2003
944
474
308
-13
-106
-113
-117
110
100
163
3835
2349
1330
1362
613
180
345
263
-45
-59
432
3762
2368
1023
193
132
274
-74
900
151
143
302
278
-55
-111
567
564
320
-24
342
313
-76
1300
3257
2052
1024
477
615
142
-35
331
284
-55
-103
-77
-14
-103
1692
2148
676
516
277
-8
-62
-10
-42
-127
119
3345
3035
1795
638
963
545
163
319
259
-11
-41
3179
2758
1812
827
226
360
-19
571
741
133
346
348
-14
-75
-74
834
564
318
268
336
-45
-97
3007
3123
1267
659
640
623
136
-31
321
264
-113
-122
-67
-120
-124
1779
1190
413
342
-26
-82
-79
-109
-92
-90
-79
3685
1940
969
942
486
155
349
300
-43
-87
104
4164
1966
1297
593
-91
112
103
2163
1542
833
358
-12
-46
-123
217
130
290
-16
-32
-55
-76
-117
3088
1829
1069
776
546
214
-58
-86
109
101
83
105
72
94
1472
1439
951
631
-4
-42
-124
-120
110
-99
111
2582
3846
1909
949
1373
768
391
515
179
350
296
2842
3765
2158
1298
1092
744
828
399
921
394
553
512
252
230
216
482
610
248
128
166
157
333
1984
2675
1555
650
492
618
584
252
557
235
240
255
536
256
-117
2122
1368
676
177
-83
-73
109
154
-35
113
74
3368
2245
1405
445
2116
1352
516
306
-5
-51
-96
3672
2225
1539
494
525
270
-99
954
513
378
362
266
-45
-107
279
815
141
-7
-22
205
-63
103
3223
1937
937
498
404
229
0
0
0
0
0
0
0
0
0
0
0
0
0
0
0
0
0
0
0
0
0
0
0
0
0
0
0
0
0
0
0
0
0
0
0
0
0
0
0
0
0
0
0
0
0
0
0
0
0
0
0
0
0
0
0
0
0
0
0
0
0
0
0
0
0
0
0
0
0
0
0
0
0
0
0
0
0
0
0
0
0
0
0
0
0
0
0
0
0
0
0
0
0
0
0
0
0
0
0
0
0
0
0
0
0
0
0
0
0
0
0
0
0
0
0
0
0
0
0
0
0
0
0
0
0
0
0
0
0
0
0
0
0
0
0
0
0
0
0
0
0
0
0
0
0
0
0
0
0
0
0
0
0
0
0
0
0
0
0
0
0
0
0
0
0
0
0
0
0
0
0
0
0
0
0
0
0
0
0
0
0
0
0
0
0
0
0
0
0
0
0
0
0
0
0
0
0
0
0
0
0
0
0
0
0
0
0
0
0
0
0
0
0
0
0
0
0
0
0
0
0
0
0
0
0
0
0
0
0
0
0
0
0
0
0
0
0
0
0
0
0
0
0
0
0
0
0
0
0
0
0
0
0
0
0
0
0
0
0
0
0
0
0
0
0
0
0
0
0
0
0
0
0
0
0
0
0
0
0
0
0
0
0
0
0
0
0
0
0
0
0
0
0
0
0
0
0
0
0
0
0
0
0
0
0
0
0
0
0
0
0
0
0
0
0
0
0
0
0
0
0
0
0
0
0
0
0
0
0
0
0
0
0
0
0
0
0
0
0
0
0
0
0
0
0
0
0
0
0
0
0
0
0
0
0
0
0
0
0
0
0
0
0
0
0
0
0
0
0
0
0
0
0
0
0
0
0
0
0
0
0
0
0
0
0
0
0
0
0
0
0
0
0
0
0
0
0
0
0
0
0
0
0
0
0
0
0
0
0
0
0
0
0
0
0
0
0
0
0
0
0
0
0
0
0
0
0
0
0
0
0
0
0
0
0
0
0
0
0
0
0
0
0
0
0
0
0
0
0
0
0
0
0
0
0
0
0
0
0
0
0
0
0
0
0
0
0
0
0
0
0
0
0
0
0
0
0
0
0
0
0
0
0
0
0
0
0
0
0
0
0
0
0
0
0
0
0
0
0
