14
15
-313
38
-268
-264
14
-288
23
15
-277
5
0
20
-275
4
22
-295
5
24
14
-293
4
13
-288
39
13
-288
6
-259
-272
2
20
0
-260
-257
-277
-261
8
28
-263
6
-270
13
-260
-263
1
1
-260
50
-324
22
13
-259
8
-305
43
-270
17
-300
33
6
-258
2
-291
18
27
-268
-258
-258
39
-314
7
20
3
-288
3
18
-288
24
38
-316
17
15
-259
-270
11
0
1
-275
15
7
-259
2
-278
17
-259
0
5
-283
24
20
-279
-271
28
-260
-282
29
-265
3
9
-271
15
-257
-263
10
-269
2
-265
-259
14
-269
20
-273
1
26
-275
-269
27
-270
1
11
-275
19
-270
-258
-280
19
26
-271
-258
-289
43
-280
24
8
-283
7
-263
13
6
-262
15
4
11
-298
7
3
-260
-329
60
17
-273
9
-283
0
33
2
-260
1
-290
43
8
-257
-281
6
11
29
-257
-313
56
-269
12
-290
16
29
-280
4
-297
39
-271
0
7
-324
44
30
-267
13
10
-306
35
8
-281
-270
35
-283
-261
16
20
-272
-261
1
0
22
-264
5
-299
62
-299
24
-279
5
1
-265
31
10
-291
11
-267
37
-308
51
-266
-277
40
-288
37
-286
38
-282
10
-292
-258
0
-272
24
-262
-285
10
26
-264
35
-309
35
-304
68
-293
4
-279
-263
57
-330
49
-274
-265
19
-261
-278
35
9
-268
-269
-278
44
6
-277
21
21
-289
-266
8
-278
44
-327
23
34
-275
22
-268
-264
20
0
-292
64
-356
70
-281
-282
30
25
-280
0
6
-263
-260
4
9
40
-272
-281
-283
30
17
-286
7
10
-320
108
-306
-295
31
-259
11
-273
44
-304
-270
51
-285
28
-265
-277
81
-296
-275
-282
47
-291
-292
27
-287
34
-281
61
7
-282
-288
99
-300
-294
-268
16
7
17
-282
9
-265
-270
32
-276
29
-267
-260
-264
24
-285
39
-288
38
-282
-286
0
37
-271
-266
18
13
-315
39
3
-263
12
-273
19
-266
1
-264
9
68
-310
-297
31
6
-263
3
12
-287
9
31
-277
-294
16
34
46
-315
4
0
-264
-259
-265
23
-267
18
-273
-276
41
-277
20
-289
-275
12
41
-333
85
-330
-264
45
-264
14
0
-272
21
-265
-263
25
-297
1
-260
1
52
-275
-311
72
-328
45
18
-264
13
0
11
-274
-273
-263
21
-280
29
-284
2
14
-269
22
0
29
-282
-282
14
18
-293
34
-305
66
-347
80
-292
18
-283
28
-284
30
8
-273
1
9
-261
1
23
-288
5
-264
19
-276
22
19
-296
4
31
7
-277
-266
31
0
0
0
0
0
0
0
0
0
0
0
0
0
0
0
0
0
0
0
0
0
0
0
0
0
0
0
0
0
0
0
0
0
0
0
0
0
0
0
0
0
0
0
0
0
0
0
0
0
0
0
0
0
0
0
0
0
0
0
0
0
0
0
0
0
0
0
0
0
0
0
0
0
0
0
0
0
0
0
0
0
0
0
0
0
0
0
0
0
0
0
0
0
0
0
0
0
0
0
0
0
0
0
0
0
0
0
0
0
0
0
0
0
0
0
0
0
0
0
0
0
0
0
0
0
0
0
0
0
0
0
0
0
0
0
0
0
0
0
0
0
0
0
0
0
0
0
0
0
0
0
0
0
0
0
0
0
0
0
0
0
0
0
0
0
0
0
0
0
0
0
0
0
0
0
0
0
0
0
0
0
0
0
0
0
0
0
0
0
0
0
0
0
0
0
0
0
0
0
0
0
0
0
0
0
0
0
0
0
0
0
0
0
0
0
0
0
0
0
0
0
0
0
0
0
0
0
0
0
0
0
0
0
0
0
0
0
0
0
0
0
0
0
0
0
0
0
0
0
0
0
0
0
0
0
0
0
0
0
0
0
0
0
0
0
0
0
0
0
0
0
0
0
0
0
0
0
0
0
0
0
0
0
0
0
0
0
0
0
0
0
0
0
0
0
0
0
0
0
0
0
0
0
0
0
0
0
0
0
0
0
0
0
0
0
0
0
0
0
0
0
0
0
0
0
0
0
0
0
0
0
0
0
0
0
0
0
0
0
0
0
0
0
0
0
0
0
0
0
0
0
0
0
0
0
0
0
0
0
0
0
0
0
0
0
0
0
0
0
0
0
0
0
0
0
0
0
0
0
0
0
0
0
0
0
0
0
0
0
0
0
0
0
0
0
0
0
0
0
0
0
0
0
0
0
0
0
0
0
0
0
0
0
0
0
0
0
0
0
0
0
0
0
0
0
0
0
0
0
0
0
0
0
0
0
0
0
0
0
0
0
0
0
0
0
0
0
0
0
0
0
0
0
0
0
0
0
0
0
0
0
0
0
0
0
0
0
0
0
0
0
0
0
0
0
0
0
0
0
0
0
0
0
0
0
0
0
0
0
0
0
0
0
0
0
0
0
0
0
