367
1659
1782
1570
1198
716
149
1311
1376
827
601
327
376
1677
1302
1083
1100
549
351
1650
682
557
559
348
955
1230
1343
887
557
188
869
663
230
369
289
-57
1153
1459
1281
999
745
382
146
782
457
409
150
563
1825
1650
1238
975
1069
558
920
1344
940
738
424
673
1676
1538
1394
444
165
1054
909
991
899
434
726
2399
1430
1155
1105
1054
726
1140
1099
747
682
709
1310
1833
1108
704
849
579
188
1041
499
477
608
286
880
1870
1029
784
626
354
161
621
243
165
145
278
914
2368
927
646
391
335
577
1225
874
449
355
-8
1925
1564
1221
738
155
143
1129
700
399
168
338
274
1745
1532
1498
1324
781
857
1467
1144
450
247
354
1677
1415
945
697
881
468
494
1178
825
484
542
595
1306
1690
1394
739
412
333
1004
2357
1520
1188
1026
543
1463
1281
939
1039
389
1092
1908
1305
745
613
542
778
2045
1538
1447
1210
1328
940
967
1367
1136
1112
659
979
1175
1008
1571
1581
1444
1160
1166
1011
958
1145
657
386
640
1340
1432
1659
1419
1500
1741
1701
1751
1739
1720
1705
1846
1453
1465
1531
1717
1830
695
258
-16
-63
330
1199
760
1440
1979
2321
2140
1791
2122
2101
2059
2084
2151
2399
2027
2325
2015
2174
1435
808
205
251
157
801
1019
743
1051
694
959
1180
935
1250
713
476
179
528
1324
1192
1672
1481
1171
1634
1559
2174
1757
1689
1312
490
1653
1538
913
1097
705
460
1443
979
738
746
509
1327
2084
1244
1362
779
822
851
846
473
407
806
1833
1967
1668
2005
1877
1707
1705
807
472
620
385
466
692
756
849
756
1053
1088
965
1237
977
960
1593
1206
1267
1383
1351
1413
1650
1503
1570
943
736
1353
1733
2161
1742
1678
1759
2034
1782
1554
1508
1762
1786
1810
1530
1892
1886
1482
1273
1516
1810
2049
1550
870
589
437
815
762
1295
1610
1547
1251
904
768
796
1828
1771
1260
1827
1853
1446
1881
1853
1683
1895
1436
1879
1467
1457
1526
1512
1529
931
809
451
241
628
927
1087
748
736
426
568
1434
1131
1025
792
500
443
464
480
454
384
518
1074
1465
1782
1509
2061
2057
2036
1237
599
631
630
580
1665
1541
1236
1174
1461
1779
1734
1816
1863
2079
2113
1913
2058
1607
1443
1083
591
410
760
854
490
497
400
648
990
1170
1601
1409
1806
1459
1529
1275
1821
1525
1685
1608
1163
1627
1507
1507
1211
1332
1378
1279
1138
612
719
1205
1306
1283
1295
1309
679
649
754
1240
1589
1483
1839
1551
1351
1364
1321
1308
1386
1818
1805
1182
950
448
1173
1340
1011
990
682
424
1153
934
1141
1341
923
1043
1651
1289
902
1118
714
708
869
0
0
0
0
0
0
0
0
0
0
0
0
0
0
0
0
0
0
0
0
0
0
0
0
0
0
0
0
0
0
0
0
0
0
0
0
0
0
0
0
0
0
0
0
0
0
0
0
0
0
0
0
0
0
0
0
0
0
0
0
0
0
0
0
0
0
0
0
0
0
0
0
0
0
0
0
0
0
0
0
0
0
0
0
0
0
0
0
0
0
0
0
0
0
0
0
0
0
0
0
0
0
0
0
0
0
0
0
0
0
0
0
0
0
0
0
0
0
0
0
0
0
0
0
0
0
0
0
0
0
0
0
0
0
0
0
0
0
0
0
0
0
0
0
0
0
0
0
0
0
0
0
0
0
0
0
0
0
0
0
0
0
0
0
0
0
0
0
0
0
0
0
0
0
0
0
0
0
0
0
0
0
0
0
0
0
0
0
0
0
0
0
0
0
0
0
0
0
0
0
0
0
0
0
0
0
0
0
0
0
0
0
0
0
0
0
0
0
0
0
0
0
0
0
0
0
0
0
0
0
0
0
0
0
0
0
0
0
0
0
0
0
0
0
0
0
0
0
0
0
0
0
0
0
0
0
0
0
0
0
0
0
0
0
0
0
0
0
0
0
0
0
0
0
0
0
0
0
0
0
0
0
0
0
0
0
0
0
0
0
0
0
0
0
0
0
0
0
0
0
0
0
0
0
0
0
0
0
0
0
0
0
0
0
0
0
0
0
0
0
0
0
0
0
0
0
0
0
0
0
0
0
0
0
0
0
0
0
0
0
0
0
0
0
0
0
0
0
0
0
0
0
0
0
0
0
0
0
0
0
0
0
0
0
0
0
0
0
0
0
0
0
0
0
0
0
0
0
0
0
0
0
0
0
0
0
0
0
0
0
0
0
0
0
0
0
0
0
0
0
0
0
0
0
0
0
0
0
0
0
0
0
0
0
0
0
0
0
0
0
0
0
0
0
0
0
0
0
0
0
0
0
0
0
0
0
0
0
0
0
0
0
0
0
0
0
0
0
0
0
0
0
0
0
0
0
0
0
0
0
0
0
0
0
0
0
0
0
0
0
0
0
0
0
0
0
0
0
0
0
0
0
0
0
0
0
0
0
0
0
0
0
0
0
0
0
0
0
0
